$NUMS 030
$STOM 10.00
$MLCM 00
$SSO 100.0
$FSS 1.0
$DINA pdd
$RDNG PDD
$VERS 001
$MODL TrueBeam
$ENER 10
$DATE 2025-03-31T00:00:00
$TYPE PHOTON
$CIAO Percentage Depth Dose for TrueBeam 10MV

$FLSZ 4.0
// Depth(cm), Relative Dose
0.0, 40.2
0.2, 58.5
0.5, 72.1
1.0, 85.6
1.5, 93.5
2.0, 97.9
2.5, 100.0
3.0, 99.7
4.0, 98.1
5.0, 95.4
6.0, 92.6
7.0, 89.8
8.0, 86.8
9.0, 83.9
10.0, 81.0
11.0, 78.1
12.0, 75.2
13.0, 72.4
14.0, 69.7
15.0, 67.0
16.0, 64.3
17.0, 61.8
18.0, 59.3
19.0, 56.9
20.0, 54.6
22.0, 50.1
24.0, 46.0
26.0, 42.3
28.0, 38.8
30.0, 35.6

$FLSZ 6.0
// Depth(cm), Relative Dose
0.0, 38.6
0.2, 57.8
0.5, 71.6
1.0, 85.3
1.5, 93.3
2.0, 97.8
2.5, 100.0
3.0, 99.8
4.0, 98.3
5.0, 95.7
6.0, 93.0
7.0, 90.2
8.0, 87.3
9.0, 84.5
10.0, 81.6
11.0, 78.8
12.0, 76.0
13.0, 73.2
14.0, 70.5
15.0, 67.9
16.0, 65.3
17.0, 62.8
18.0, 60.4
19.0, 58.0
20.0, 55.7
22.0, 51.2
24.0, 47.2
26.0, 43.4
28.0, 39.9
30.0, 36.7

$FLSZ 8.0
// Depth(cm), Relative Dose
0.0, 37.5
0.2, 57.2
0.5, 71.2
1.0, 85.0
1.5, 93.1
2.0, 97.7
2.5, 100.0
3.0, 99.9
4.0, 98.5
5.0, 96.0
6.0, 93.4
7.0, 90.6
8.0, 87.8
9.0, 85.0
10.0, 82.2
11.0, 79.4
12.0, 76.7
13.0, 74.0
14.0, 71.3
15.0, 68.7
16.0, 66.2
17.0, 63.7
18.0, 61.3
19.0, 59.0
20.0, 56.7
22.0, 52.3
24.0, 48.2
26.0, 44.5
28.0, 41.0
30.0, 37.7

$FLSZ 10.0
// Depth(cm), Relative Dose
0.0, 36.6
0.2, 56.7
0.5, 70.8
1.0, 84.7
1.5, 92.9
2.0, 97.6
2.5, 100.0
3.0, 100.0
4.0, 98.7
5.0, 96.3
6.0, 93.8
7.0, 91.1
8.0, 88.3
9.0, 85.6
10.0, 82.8
11.0, 80.0
12.0, 77.3
13.0, 74.6
14.0, 72.0
15.0, 69.5
16.0, 67.0
17.0, 64.5
18.0, 62.1
19.0, 59.8
20.0, 57.6
22.0, 53.2
24.0, 49.2
26.0, 45.4
28.0, 41.9
30.0, 38.7

$FLSZ 20.0
// Depth(cm), Relative Dose
0.0, 34.1
0.2, 55.3
0.5, 69.8
1.0, 84.0
1.5, 92.4
2.0, 97.3
2.5, 99.8
3.0, 100.0
4.0, 99.2
5.0, 97.0
6.0, 94.6
7.0, 92.1
8.0, 89.5
9.0, 86.9
10.0, 84.3
11.0, 81.7
12.0, 79.1
13.0, 76.5
14.0, 74.0
15.0, 71.5
16.0, 69.1
17.0, 66.7
18.0, 64.4
19.0, 62.1
20.0, 59.9
22.0, 55.6
24.0, 51.7
26.0, 47.9
28.0, 44.4
30.0, 41.2

$FLSZ 30.0
// Depth(cm), Relative Dose
0.0, 32.6
0.2, 54.4
0.5, 69.1
1.0, 83.5
1.5, 92.0
2.0, 97.0
2.5, 99.7
3.0, 100.0
4.0, 99.5
5.0, 97.5
6.0, 95.2
7.0, 92.8
8.0, 90.3
9.0, 87.8
10.0, 85.2
11.0, 82.7
12.0, 80.2
13.0, 77.7
14.0, 75.2
15.0, 72.8
16.0, 70.4
17.0, 68.1
18.0, 65.8
19.0, 63.6
20.0, 61.4
22.0, 57.2
24.0, 53.3
26.0, 49.5
28.0, 46.0
30.0, 42.8

$FLSZ 40.0
// Depth(cm), Relative Dose
0.0, 31.6
0.2, 53.7
0.5, 68.5
1.0, 83.1
1.5, 91.7
2.0, 96.8
2.5, 99.5
3.0, 100.0
4.0, 99.7
5.0, 97.9
6.0, 95.7
7.0, 93.4
8.0, 90.9
9.0, 88.5
10.0, 86.0
11.0, 83.5
12.0, 81.1
13.0, 78.6
14.0, 76.2
15.0, 73.8
16.0, 71.5
17.0, 69.2
18.0, 66.9
19.0, 64.7
20.0, 62.6
22.0, 58.4
24.0, 54.6
26.0, 50.8
28.0, 47.3
30.0, 44.1 