$NUMS 029
$STOM 10.00
$MLCM 00
$SSO 100.0
$FSS 1.0
$DINA lng
$RDNG LNG
$VERS 001
$MODL TrueBeam
$ENER 10
$DATE 2025-03-31T00:00:00
$TYPE PHOTON
$CIAO Longitudinal Profiles at SSD=100cm

$FLSZ 10.0
$DPTH 2.5
// Position(cm), Relative Dose
-14.0, 1.2
-13.0, 1.4
-12.0, 1.8
-11.0, 2.3
-10.0, 3.2
-9.0, 5.4
-8.0, 10.2
-7.0, 22.5
-6.0, 46.8
-5.0, 73.4
-4.0, 90.2
-3.0, 97.5
-2.0, 99.7
-1.0, 100.0
0.0, 99.8
1.0, 99.2
2.0, 98.1
3.0, 96.3
4.0, 93.8
5.0, 90.4
6.0, 85.2
7.0, 75.8
8.0, 57.6
9.0, 35.2
10.0, 19.3
11.0, 10.5
12.0, 5.7
13.0, 3.1
14.0, 1.8

$FLSZ 10.0
$DPTH 5.0
// Position(cm), Relative Dose
-14.0, 1.7
-13.0, 2.1
-12.0, 2.8
-11.0, 3.6
-10.0, 4.9
-9.0, 7.8
-8.0, 14.1
-7.0, 28.5
-6.0, 52.1
-5.0, 77.3
-4.0, 91.8
-3.0, 98.0
-2.0, 99.8
-1.0, 100.0
0.0, 99.6
1.0, 98.8
2.0, 97.4
3.0, 95.2
4.0, 92.3
5.0, 88.5
6.0, 82.9
7.0, 72.6
8.0, 53.7
9.0, 31.9
10.0, 17.2
11.0, 9.4
12.0, 5.1
13.0, 2.9
14.0, 1.6

$FLSZ 10.0
$DPTH 10.0
// Position(cm), Relative Dose
-14.0, 2.3
-13.0, 3.0
-12.0, 3.9
-11.0, 5.0
-10.0, 6.8
-9.0, 10.2
-8.0, 17.4
-7.0, 32.8
-6.0, 56.7
-5.0, 80.1
-4.0, 93.4
-3.0, 98.5
-2.0, 99.9
-1.0, 100.0
0.0, 99.4
1.0, 98.3
2.0, 96.6
3.0, 94.0
4.0, 90.7
5.0, 86.2
6.0, 80.1
7.0, 69.5
8.0, 50.8
9.0, 29.7
10.0, 15.9
11.0, 8.6
12.0, 4.7
13.0, 2.6
14.0, 1.5

$FLSZ 10.0
$DPTH 20.0
// Position(cm), Relative Dose
-14.0, 3.4
-13.0, 4.2
-12.0, 5.4
-11.0, 6.9
-10.0, 9.1
-9.0, 13.1
-8.0, 21.3
-7.0, 37.5
-6.0, 61.4
-5.0, 83.2
-4.0, 94.8
-3.0, 98.9
-2.0, 100.0
-1.0, 99.8
0.0, 99.0
1.0, 97.5
2.0, 95.4
3.0, 92.5
4.0, 88.5
5.0, 83.3
6.0, 76.8
7.0, 65.7
8.0, 47.2
9.0, 27.0
10.0, 14.3
11.0, 7.7
12.0, 4.2
13.0, 2.3
14.0, 1.3

$FLSZ 20.0
$DPTH 2.5
// Position(cm), Relative Dose
-14.0, 32.5
-13.0, 44.7
-12.0, 59.6
-11.0, 73.8
-10.0, 85.1
-9.0, 93.0
-8.0, 97.2
-7.0, 99.1
-6.0, 99.8
-5.0, 100.0
-4.0, 99.7
-3.0, 99.2
-2.0, 98.5
-1.0, 97.8
0.0, 97.1
1.0, 96.3
2.0, 95.4
3.0, 94.2
4.0, 92.8
5.0, 91.0
6.0, 88.2
7.0, 84.1
8.0, 77.9
9.0, 68.5
10.0, 54.3
11.0, 35.9
12.0, 18.7
13.0, 8.2
14.0, 3.7 