$NUMS 030
$STOM 10.00
$MLCM 00
$SSO 100.0
$FSS 1.0
$DINA prf
$RDNG PRF
$VERS 001
$MODL TrueBeam
$ENER 6
$DATE 2025-03-31T00:00:00
$TYPE PHOTON
$FLSZ 10.0
$DPTH 1.5
$CIAO Cross Profile at Reference Depth
// Position, Relative Dose
-14.0, 0.8
-13.0, 1.2
-12.0, 2.1
-11.0, 3.8
-10.0, 6.5
-9.0, 10.8
-8.0, 17.6
-7.0, 28.4
-6.0, 45.8
-5.5, 63.2
-5.0, 89.5
-4.5, 98.1
-4.0, 99.6
-3.0, 100.0
-2.0, 100.0
-1.0, 100.0
0.0, 100.0
1.0, 100.0
2.0, 100.0
3.0, 100.0
4.0, 99.6
4.5, 98.1
5.0, 89.5
5.5, 63.2
6.0, 45.8
7.0, 28.4
8.0, 17.6
9.0, 10.8
10.0, 6.5
11.0, 3.8
12.0, 2.1
13.0, 1.2
14.0, 0.8

$FLSZ 10.0
$DPTH 5.0
// Position, Relative Dose
-14.0, 1.0
-13.0, 1.4
-12.0, 2.6
-11.0, 4.3
-10.0, 7.4
-9.0, 12.1
-8.0, 20.4
-7.0, 31.8
-6.0, 49.2
-5.5, 66.5
-5.0, 91.2
-4.5, 98.5
-4.0, 99.7
-3.0, 100.0
-2.0, 100.0
-1.0, 99.8
0.0, 99.7
1.0, 99.8
2.0, 100.0
3.0, 100.0
4.0, 99.7
4.5, 98.5
5.0, 91.2
5.5, 66.5
6.0, 49.2
7.0, 31.8
8.0, 20.4
9.0, 12.1
10.0, 7.4
11.0, 4.3
12.0, 2.6
13.0, 1.4
14.0, 1.0

$FLSZ 10.0
$DPTH 10.0
// Position, Relative Dose
-14.0, 1.3
-13.0, 1.8
-12.0, 3.2
-11.0, 5.1
-10.0, 8.6
-9.0, 13.8
-8.0, 22.6
-7.0, 34.5
-6.0, 52.7
-5.5, 69.8
-5.0, 92.4
-4.5, 98.8
-4.0, 99.8
-3.0, 100.0
-2.0, 99.8
-1.0, 99.5
0.0, 99.3
1.0, 99.5
2.0, 99.8
3.0, 100.0
4.0, 99.8
4.5, 98.8
5.0, 92.4
5.5, 69.8
6.0, 52.7
7.0, 34.5
8.0, 22.6
9.0, 13.8
10.0, 8.6
11.0, 5.1
12.0, 3.2
13.0, 1.8
14.0, 1.3

$FLSZ 10.0
$DPTH 20.0
// Position, Relative Dose
-14.0, 1.7
-13.0, 2.3
-12.0, 3.9
-11.0, 6.3
-10.0, 10.1
-9.0, 15.9
-8.0, 25.4
-7.0, 38.2
-6.0, 56.4
-5.5, 73.1
-5.0, 93.8
-4.5, 99.1
-4.0, 99.9
-3.0, 99.8
-2.0, 99.5
-1.0, 99.1
0.0, 98.8
1.0, 99.1
2.0, 99.5
3.0, 99.8
4.0, 99.9
4.5, 99.1
5.0, 93.8
5.5, 73.1
6.0, 56.4
7.0, 38.2
8.0, 25.4
9.0, 15.9
10.0, 10.1
11.0, 6.3
12.0, 3.9
13.0, 2.3
14.0, 1.7

$FLSZ 20.0
$DPTH 1.5
// Position, Relative Dose
-24.0, 0.7
-22.0, 1.1
-20.0, 1.8
-18.0, 3.1
-16.0, 5.4
-14.0, 9.5
-12.0, 16.2
-10.0, 28.5
-9.0, 39.3
-8.0, 60.7
-7.0, 83.5
-6.0, 96.2
-5.0, 99.1
-4.0, 99.8
-3.0, 100.0
-2.0, 100.0
-1.0, 100.0
0.0, 100.0
1.0, 100.0
2.0, 100.0
3.0, 100.0
4.0, 99.8
5.0, 99.1
6.0, 96.2
7.0, 83.5
8.0, 60.7
9.0, 39.3
10.0, 28.5
12.0, 16.2
14.0, 9.5
16.0, 5.4
18.0, 3.1
20.0, 1.8
22.0, 1.1
24.0, 0.7

$FLSZ 30.0
$DPTH 1.5
// Position, Relative Dose
-34.0, 0.6
-32.0, 0.9
-30.0, 1.5
-28.0, 2.6
-26.0, 4.3
-24.0, 7.2
-22.0, 11.8
-20.0, 19.5
-18.0, 30.7
-16.0, 45.3
-14.0, 64.8
-12.0, 83.6
-10.0, 94.7
-8.0, 98.5
-6.0, 99.6
-4.0, 99.9
-2.0, 100.0
0.0, 100.0
2.0, 100.0
4.0, 99.9
6.0, 99.6
8.0, 98.5
10.0, 94.7
12.0, 83.6
14.0, 64.8
16.0, 45.3
18.0, 30.7
20.0, 19.5
22.0, 11.8
24.0, 7.2
26.0, 4.3
28.0, 2.6
30.0, 1.5
32.0, 0.9
34.0, 0.6 