$NUMS 030
$STOM 10.00
$MLCM 00
$SSO 120.0
$FSS 1.0
$DINA ssd120
$RDNG SSD120
$VERS 001
$MODL TrueBeam
$ENER 6
$DATE 2025-03-31T00:00:00
$TYPE PHOTON
$CIAO Percentage Depth Dose at SSD=120cm

$FLSZ 4.0
// Depth(cm), Relative Dose
0.0, 95.7
0.2, 96.8
0.5, 98.3
1.0, 99.7
1.5, 100.0
2.0, 99.8
2.5, 99.2
3.0, 98.5
4.0, 96.9
5.0, 95.2
6.0, 93.5
7.0, 91.6
8.0, 89.7
9.0, 87.7
10.0, 85.7
11.0, 83.7
12.0, 81.6
13.0, 79.5
14.0, 77.4
15.0, 75.3
16.0, 73.3
17.0, 71.2
18.0, 69.1
19.0, 67.1
20.0, 65.1
22.0, 61.1
24.0, 57.3
26.0, 53.6
28.0, 50.1
30.0, 46.8

$FLSZ 6.0
// Depth(cm), Relative Dose
0.0, 95.0
0.2, 96.2
0.5, 97.9
1.0, 99.5
1.5, 100.0
2.0, 99.9
2.5, 99.4
3.0, 98.7
4.0, 97.2
5.0, 95.6
6.0, 93.9
7.0, 92.1
8.0, 90.2
9.0, 88.3
10.0, 86.3
11.0, 84.3
12.0, 82.3
13.0, 80.3
14.0, 78.2
15.0, 76.1
16.0, 74.1
17.0, 72.0
18.0, 70.0
19.0, 68.0
20.0, 66.0
22.0, 62.0
24.0, 58.2
26.0, 54.6
28.0, 51.1
30.0, 47.8

$FLSZ 8.0
// Depth(cm), Relative Dose
0.0, 94.3
0.2, 95.7
0.5, 97.5
1.0, 99.3
1.5, 100.0
2.0, 100.0
2.5, 99.5
3.0, 98.9
4.0, 97.5
5.0, 95.9
6.0, 94.3
7.0, 92.6
8.0, 90.8
9.0, 88.9
10.0, 87.0
11.0, 85.0
12.0, 83.0
13.0, 81.0
14.0, 79.0
15.0, 77.0
16.0, 75.0
17.0, 72.9
18.0, 70.9
19.0, 68.9
20.0, 66.9
22.0, 63.0
24.0, 59.2
26.0, 55.5
28.0, 52.0
30.0, 48.7

$FLSZ 10.0
// Depth(cm), Relative Dose
0.0, 93.8
0.2, 95.2
0.5, 97.1
1.0, 99.1
1.5, 99.9
2.0, 100.0
2.5, 99.6
3.0, 99.0
4.0, 97.7
5.0, 96.2
6.0, 94.6
7.0, 92.9
8.0, 91.2
9.0, 89.3
10.0, 87.5
11.0, 85.6
12.0, 83.6
13.0, 81.6
14.0, 79.6
15.0, 77.6
16.0, 75.6
17.0, 73.6
18.0, 71.6
19.0, 69.6
20.0, 67.6
22.0, 63.7
24.0, 59.9
26.0, 56.3
28.0, 52.8
30.0, 49.5

$FLSZ 20.0
// Depth(cm), Relative Dose
0.0, 92.8
0.2, 94.3
0.5, 96.5
1.0, 98.6
1.5, 99.7
2.0, 100.0
2.5, 99.8
3.0, 99.4
4.0, 98.3
5.0, 97.0
6.0, 95.6
7.0, 94.1
8.0, 92.5
9.0, 90.8
10.0, 89.1
11.0, 87.3
12.0, 85.5
13.0, 83.6
14.0, 81.7
15.0, 79.8
16.0, 77.9
17.0, 75.9
18.0, 74.0
19.0, 72.1
20.0, 70.2
22.0, 66.4
24.0, 62.7
26.0, 59.1
28.0, 55.7
30.0, 52.4

$FLSZ 30.0
// Depth(cm), Relative Dose
0.0, 92.2
0.2, 93.8
0.5, 96.0
1.0, 98.3
1.5, 99.5
2.0, 100.0
2.5, 99.9
3.0, 99.6
4.0, 98.7
5.0, 97.5
6.0, 96.2
7.0, 94.8
8.0, 93.3
9.0, 91.7
10.0, 90.1
11.0, 88.3
12.0, 86.6
13.0, 84.8
14.0, 83.0
15.0, 81.1
16.0, 79.3
17.0, 77.4
18.0, 75.5
19.0, 73.6
20.0, 71.8
22.0, 68.1
24.0, 64.4
26.0, 60.9
28.0, 57.5
30.0, 54.2

$FLSZ 40.0
// Depth(cm), Relative Dose
0.0, 91.7
0.2, 93.3
0.5, 95.7
1.0, 98.0
1.5, 99.4
2.0, 100.0
2.5, 100.0
3.0, 99.7
4.0, 99.0
5.0, 97.9
6.0, 96.7
7.0, 95.3
8.0, 93.9
9.0, 92.4
10.0, 90.8
11.0, 89.1
12.0, 87.4
13.0, 85.7
14.0, 83.9
15.0, 82.1
16.0, 80.3
17.0, 78.5
18.0, 76.6
19.0, 74.8
20.0, 73.0
22.0, 69.3
24.0, 65.8
26.0, 62.3
28.0, 58.9
30.0, 55.7 