$NUMS 030
$STOM 10.00
$MLCM 00
$SSO 100.0
$FSS 1.0
$DINA lng
$RDNG LNG
$VERS 001
$MODL TrueBeam
$ENER 6
$DATE 2025-03-31T00:00:00
$TYPE PHOTON
$CIAO Longitudinal Profiles at SSD=100cm

$FLSZ 10.0
$DPTH 1.5
$AXIS Y
// Position(cm), Relative Dose
-14.0, 0.7
-13.0, 1.1
-12.0, 1.9
-11.0, 3.5
-10.0, 6.2
-9.0, 10.3
-8.0, 16.8
-7.0, 27.2
-6.0, 44.2
-5.5, 61.4
-5.0, 87.3
-4.5, 97.5
-4.0, 99.4
-3.0, 100.0
-2.0, 100.0
-1.0, 100.0
0.0, 100.0
1.0, 100.0
2.0, 100.0
3.0, 100.0
4.0, 99.4
4.5, 97.5
5.0, 87.3
5.5, 61.4
6.0, 44.2
7.0, 27.2
8.0, 16.8
9.0, 10.3
10.0, 6.2
11.0, 3.5
12.0, 1.9
13.0, 1.1
14.0, 0.7

$FLSZ 10.0
$DPTH 5.0
$AXIS Y
// Position(cm), Relative Dose
-14.0, 0.9
-13.0, 1.3
-12.0, 2.3
-11.0, 4.0
-10.0, 7.0
-9.0, 11.5
-8.0, 18.9
-7.0, 30.4
-6.0, 47.6
-5.5, 64.7
-5.0, 89.8
-4.5, 98.1
-4.0, 99.6
-3.0, 100.0
-2.0, 100.0
-1.0, 99.9
0.0, 99.8
1.0, 99.9
2.0, 100.0
3.0, 100.0
4.0, 99.6
4.5, 98.1
5.0, 89.8
5.5, 64.7
6.0, 47.6
7.0, 30.4
8.0, 18.9
9.0, 11.5
10.0, 7.0
11.0, 4.0
12.0, 2.3
13.0, 1.3
14.0, 0.9

$FLSZ 10.0
$DPTH 10.0
$AXIS Y
// Position(cm), Relative Dose
-14.0, 1.2
-13.0, 1.7
-12.0, 2.9
-11.0, 4.8
-10.0, 8.1
-9.0, 13.1
-8.0, 21.2
-7.0, 33.1
-6.0, 50.9
-5.5, 67.9
-5.0, 91.5
-4.5, 98.4
-4.0, 99.7
-3.0, 100.0
-2.0, 99.9
-1.0, 99.7
0.0, 99.5
1.0, 99.7
2.0, 99.9
3.0, 100.0
4.0, 99.7
4.5, 98.4
5.0, 91.5
5.5, 67.9
6.0, 50.9
7.0, 33.1
8.0, 21.2
9.0, 13.1
10.0, 8.1
11.0, 4.8
12.0, 2.9
13.0, 1.7
14.0, 1.2

$FLSZ 10.0
$DPTH 20.0
$AXIS Y
// Position(cm), Relative Dose
-14.0, 1.6
-13.0, 2.2
-12.0, 3.6
-11.0, 5.9
-10.0, 9.5
-9.0, 15.1
-8.0, 24.3
-7.0, 36.8
-6.0, 54.6
-5.5, 71.2
-5.0, 92.9
-4.5, 98.7
-4.0, 99.8
-3.0, 99.9
-2.0, 99.6
-1.0, 99.3
0.0, 99.0
1.0, 99.3
2.0, 99.6
3.0, 99.9
4.0, 99.8
4.5, 98.7
5.0, 92.9
5.5, 71.2
6.0, 54.6
7.0, 36.8
8.0, 24.3
9.0, 15.1
10.0, 9.5
11.0, 5.9
12.0, 3.6
13.0, 2.2
14.0, 1.6

$FLSZ 20.0
$DPTH 1.5
$AXIS Y
// Position(cm), Relative Dose
-24.0, 0.6
-22.0, 1.0
-20.0, 1.7
-18.0, 2.9
-16.0, 5.0
-14.0, 8.8
-12.0, 15.0
-10.0, 26.4
-9.0, 36.5
-8.0, 56.4
-7.0, 77.8
-6.0, 93.4
-5.0, 98.7
-4.0, 99.7
-3.0, 100.0
-2.0, 100.0
-1.0, 100.0
0.0, 100.0
1.0, 100.0
2.0, 100.0
3.0, 100.0
4.0, 99.7
5.0, 98.7
6.0, 93.4
7.0, 77.8
8.0, 56.4
9.0, 36.5
10.0, 26.4
12.0, 15.0
14.0, 8.8
16.0, 5.0
18.0, 2.9
20.0, 1.7
22.0, 1.0
24.0, 0.6 