$NUMS 030
$STOM 10.00
$MLCM 00
$SSO 100.0
$FSS 1.0
$DINA prf
$RDNG PRF
$VERS 001
$MODL TrueBeam
$ENER 10
$DATE 2025-03-31T00:00:00
$TYPE PHOTON
$FLSZ 10.0
$DPTH 2.5
$CIAO Cross Profile at Reference Depth
// Position, Relative Dose
-14.0, 1.0
-13.0, 1.6
-12.0, 2.8
-11.0, 4.9
-10.0, 8.3
-9.0, 13.6
-8.0, 21.9
-7.0, 34.5
-6.0, 54.1
-5.5, 70.8
-5.0, 92.5
-4.5, 98.6
-4.0, 99.8
-3.0, 100.0
-2.0, 100.0
-1.0, 100.0
0.0, 100.0
1.0, 100.0
2.0, 100.0
3.0, 100.0
4.0, 99.8
4.5, 98.6
5.0, 92.5
5.5, 70.8
6.0, 54.1
7.0, 34.5
8.0, 21.9
9.0, 13.6
10.0, 8.3
11.0, 4.9
12.0, 2.8
13.0, 1.6
14.0, 1.0

$FLSZ 10.0
$DPTH 5.0
// Position, Relative Dose
-14.0, 1.2
-13.0, 1.9
-12.0, 3.3
-11.0, 5.6
-10.0, 9.2
-9.0, 14.8
-8.0, 23.5
-7.0, 36.5
-6.0, 56.4
-5.5, 72.9
-5.0, 93.5
-4.5, 98.9
-4.0, 99.9
-3.0, 100.0
-2.0, 99.9
-1.0, 99.7
0.0, 99.6
1.0, 99.7
2.0, 99.9
3.0, 100.0
4.0, 99.9
4.5, 98.9
5.0, 93.5
5.5, 72.9
6.0, 56.4
7.0, 36.5
8.0, 23.5
9.0, 14.8
10.0, 9.2
11.0, 5.6
12.0, 3.3
13.0, 1.9
14.0, 1.2

$FLSZ 10.0
$DPTH 10.0
// Position, Relative Dose
-14.0, 1.6
-13.0, 2.4
-12.0, 4.0
-11.0, 6.6
-10.0, 10.5
-9.0, 16.6
-8.0, 25.8
-7.0, 39.2
-6.0, 59.5
-5.5, 75.6
-5.0, 94.7
-4.5, 99.2
-4.0, 99.9
-3.0, 99.9
-2.0, 99.7
-1.0, 99.4
0.0, 99.2
1.0, 99.4
2.0, 99.7
3.0, 99.9
4.0, 99.9
4.5, 99.2
5.0, 94.7
5.5, 75.6
6.0, 59.5
7.0, 39.2
8.0, 25.8
9.0, 16.6
10.0, 10.5
11.0, 6.6
12.0, 4.0
13.0, 2.4
14.0, 1.6

$FLSZ 10.0
$DPTH 20.0
// Position, Relative Dose
-14.0, 2.3
-13.0, 3.2
-12.0, 5.1
-11.0, 8.0
-10.0, 12.6
-9.0, 19.4
-8.0, 29.3
-7.0, 43.4
-6.0, 63.9
-5.5, 79.4
-5.0, 96.1
-4.5, 99.4
-4.0, 99.9
-3.0, 99.7
-2.0, 99.3
-1.0, 98.8
0.0, 98.5
1.0, 98.8
2.0, 99.3
3.0, 99.7
4.0, 99.9
4.5, 99.4
5.0, 96.1
5.5, 79.4
6.0, 63.9
7.0, 43.4
8.0, 29.3
9.0, 19.4
10.0, 12.6
11.0, 8.0
12.0, 5.1
13.0, 3.2
14.0, 2.3

$FLSZ 20.0
$DPTH 2.5
// Position, Relative Dose
-24.0, 0.9
-22.0, 1.4
-20.0, 2.3
-18.0, 3.9
-16.0, 6.7
-14.0, 11.6
-12.0, 19.4
-10.0, 34.2
-9.0, 46.6
-8.0, 70.3
-7.0, 88.9
-6.0, 97.6
-5.0, 99.5
-4.0, 99.9
-3.0, 100.0
-2.0, 100.0
-1.0, 100.0
0.0, 100.0
1.0, 100.0
2.0, 100.0
3.0, 100.0
4.0, 99.9
5.0, 99.5
6.0, 97.6
7.0, 88.9
8.0, 70.3
9.0, 46.6
10.0, 34.2
12.0, 19.4
14.0, 11.6
16.0, 6.7
18.0, 3.9
20.0, 2.3
22.0, 1.4
24.0, 0.9

$FLSZ 30.0
$DPTH 2.5
// Position, Relative Dose
-34.0, 0.8
-32.0, 1.2
-30.0, 1.9
-28.0, 3.3
-26.0, 5.5
-24.0, 9.2
-22.0, 14.9
-20.0, 24.3
-18.0, 37.5
-16.0, 54.2
-14.0, 74.2
-12.0, 90.6
-10.0, 97.5
-8.0, 99.3
-6.0, 99.8
-4.0, 100.0
-2.0, 100.0
0.0, 100.0
2.0, 100.0
4.0, 100.0
6.0, 99.8
8.0, 99.3
10.0, 97.5
12.0, 90.6
14.0, 74.2
16.0, 54.2
18.0, 37.5
20.0, 24.3
22.0, 14.9
24.0, 9.2
26.0, 5.5
28.0, 3.3
30.0, 1.9
32.0, 1.2
34.0, 0.8 