$NUMS 030
$STOM 10.00
$MLCM 00
$SSO 120.0
$FSS 1.0
$DINA ssd120
$RDNG SSD120
$VERS 001
$MODL TrueBeam
$ENER 10
$DATE 2025-03-31T00:00:00
$TYPE PHOTON
$CIAO Percentage Depth Dose at SSD=120cm

$FLSZ 4.0
// Depth(cm), Relative Dose
0.0, 43.1
0.2, 61.3
0.5, 74.6
1.0, 87.8
1.5, 95.2
2.0, 99.0
2.5, 100.0
3.0, 98.7
4.0, 96.1
5.0, 92.6
6.0, 89.0
7.0, 85.4
8.0, 81.9
9.0, 78.4
10.0, 75.0
11.0, 71.6
12.0, 68.3
13.0, 65.1
14.0, 62.0
15.0, 59.0
16.0, 56.1
17.0, 53.3
18.0, 50.7
19.0, 48.2
20.0, 45.8
22.0, 41.3
24.0, 37.3
26.0, 33.6
28.0, 30.3
30.0, 27.3

$FLSZ 6.0
// Depth(cm), Relative Dose
0.0, 41.8
0.2, 60.7
0.5, 74.3
1.0, 87.6
1.5, 95.1
2.0, 99.0
2.5, 100.0
3.0, 98.8
4.0, 96.3
5.0, 93.0
6.0, 89.4
7.0, 85.9
8.0, 82.5
9.0, 79.0
10.0, 75.7
11.0, 72.4
12.0, 69.2
13.0, 66.0
14.0, 63.0
15.0, 60.0
16.0, 57.2
17.0, 54.4
18.0, 51.8
19.0, 49.3
20.0, 46.9
22.0, 42.5
24.0, 38.4
26.0, 34.7
28.0, 31.4
30.0, 28.3

$FLSZ 8.0
// Depth(cm), Relative Dose
0.0, 40.8
0.2, 60.2
0.5, 74.0
1.0, 87.4
1.5, 95.0
2.0, 98.9
2.5, 100.0
3.0, 98.9
4.0, 96.5
5.0, 93.3
6.0, 89.8
7.0, 86.4
8.0, 83.0
9.0, 79.6
10.0, 76.3
11.0, 73.1
12.0, 69.9
13.0, 66.8
14.0, 63.8
15.0, 60.9
16.0, 58.1
17.0, 55.4
18.0, 52.8
19.0, 50.3
20.0, 47.9
22.0, 43.5
24.0, 39.5
26.0, 35.8
28.0, 32.4
30.0, 29.3

$FLSZ 10.0
// Depth(cm), Relative Dose
0.0, 39.9
0.2, 59.7
0.5, 73.7
1.0, 87.2
1.5, 94.9
2.0, 98.8
2.5, 100.0
3.0, 99.0
4.0, 96.7
5.0, 93.6
6.0, 90.2
7.0, 86.9
8.0, 83.5
9.0, 80.2
10.0, 76.9
11.0, 73.7
12.0, 70.6
13.0, 67.5
14.0, 64.6
15.0, 61.7
16.0, 58.9
17.0, 56.2
18.0, 53.6
19.0, 51.1
20.0, 48.8
22.0, 44.4
24.0, 40.4
26.0, 36.7
28.0, 33.3
30.0, 30.2

$FLSZ 20.0
// Depth(cm), Relative Dose
0.0, 37.6
0.2, 58.4
0.5, 72.8
1.0, 86.6
1.5, 94.5
2.0, 98.6
2.5, 99.9
3.0, 100.0
4.0, 97.3
5.0, 94.4
6.0, 91.2
7.0, 88.0
8.0, 84.8
9.0, 81.6
10.0, 78.5
11.0, 75.4
12.0, 72.3
13.0, 69.4
14.0, 66.5
15.0, 63.7
16.0, 61.0
17.0, 58.3
18.0, 55.8
19.0, 53.4
20.0, 51.0
22.0, 46.7
24.0, 42.8
26.0, 39.1
28.0, 35.7
30.0, 32.6

$FLSZ 30.0
// Depth(cm), Relative Dose
0.0, 36.1
0.2, 57.5
0.5, 72.2
1.0, 86.2
1.5, 94.2
2.0, 98.4
2.5, 99.8
3.0, 100.0
4.0, 97.6
5.0, 94.9
6.0, 91.8
7.0, 88.7
8.0, 85.7
9.0, 82.6
10.0, 79.6
11.0, 76.5
12.0, 73.6
13.0, 70.7
14.0, 67.8
15.0, 65.1
16.0, 62.4
17.0, 59.8
18.0, 57.3
19.0, 54.9
20.0, 52.6
22.0, 48.3
24.0, 44.4
26.0, 40.8
28.0, 37.4
30.0, 34.3

$FLSZ 40.0
// Depth(cm), Relative Dose
0.0, 35.0
0.2, 56.8
0.5, 71.7
1.0, 85.8
1.5, 93.9
2.0, 98.3
2.5, 99.7
3.0, 100.0
4.0, 97.9
5.0, 95.3
6.0, 92.3
7.0, 89.3
8.0, 86.3
9.0, 83.3
10.0, 80.4
11.0, 77.4
12.0, 74.5
13.0, 71.7
14.0, 68.9
15.0, 66.2
16.0, 63.5
17.0, 60.9
18.0, 58.5
19.0, 56.1
20.0, 53.8
22.0, 49.5
24.0, 45.7
26.0, 42.0
28.0, 38.7
30.0, 35.6 