$NUMS 030
$STOM 10.00
$MLCM 00
$SSO 80.0
$FSS 1.0
$DINA ssd80
$RDNG SSD80
$VERS 001
$MODL TrueBeam
$ENER 10
$DATE 2025-03-31T00:00:00
$TYPE PHOTON
$CIAO Percentage Depth Dose at SSD=80cm

$FLSZ 4.0
// Depth(cm), Relative Dose
0.0, 40.8
0.2, 59.2
0.5, 72.7
1.0, 86.2
1.5, 94.0
2.0, 98.3
2.5, 100.0
3.0, 99.4
4.0, 97.5
5.0, 94.6
6.0, 91.4
7.0, 88.3
8.0, 85.1
9.0, 81.9
10.0, 78.7
11.0, 75.6
12.0, 72.4
13.0, 69.4
14.0, 66.5
15.0, 63.6
16.0, 60.8
17.0, 58.0
18.0, 55.4
19.0, 52.8
20.0, 50.4
22.0, 45.8
24.0, 41.7
26.0, 37.9
28.0, 34.5
30.0, 31.4

$FLSZ 6.0
// Depth(cm), Relative Dose
0.0, 39.3
0.2, 58.4
0.5, 72.2
1.0, 85.9
1.5, 93.8
2.0, 98.2
2.5, 100.0
3.0, 99.5
4.0, 97.8
5.0, 95.0
6.0, 91.9
7.0, 88.8
8.0, 85.7
9.0, 82.6
10.0, 79.5
11.0, 76.4
12.0, 73.4
13.0, 70.4
14.0, 67.5
15.0, 64.7
16.0, 62.0
17.0, 59.3
18.0, 56.7
19.0, 54.2
20.0, 51.8
22.0, 47.3
24.0, 43.1
26.0, 39.3
28.0, 35.9
30.0, 32.7

$FLSZ 8.0
// Depth(cm), Relative Dose
0.0, 38.1
0.2, 57.8
0.5, 71.8
1.0, 85.6
1.5, 93.6
2.0, 98.1
2.5, 100.0
3.0, 99.6
4.0, 98.0
5.0, 95.3
6.0, 92.3
7.0, 89.2
8.0, 86.2
9.0, 83.2
10.0, 80.1
11.0, 77.1
12.0, 74.1
13.0, 71.2
14.0, 68.3
15.0, 65.5
16.0, 62.8
17.0, 60.2
18.0, 57.6
19.0, 55.1
20.0, 52.7
22.0, 48.2
24.0, 44.1
26.0, 40.3
28.0, 36.8
30.0, 33.7

$FLSZ 10.0
// Depth(cm), Relative Dose
0.0, 37.2
0.2, 57.2
0.5, 71.4
1.0, 85.2
1.5, 93.4
2.0, 98.0
2.5, 100.0
3.0, 99.7
4.0, 98.2
5.0, 95.6
6.0, 92.7
7.0, 89.7
8.0, 86.7
9.0, 83.7
10.0, 80.7
11.0, 77.8
12.0, 74.8
13.0, 72.0
14.0, 69.1
15.0, 66.4
16.0, 63.7
17.0, 61.1
18.0, 58.6
19.0, 56.1
20.0, 53.7
22.0, 49.3
24.0, 45.2
26.0, 41.4
28.0, 37.9
30.0, 34.7

$FLSZ 20.0
// Depth(cm), Relative Dose
0.0, 34.7
0.2, 55.9
0.5, 70.3
1.0, 84.6
1.5, 92.9
2.0, 97.7
2.5, 99.9
3.0, 100.0
4.0, 98.7
5.0, 96.3
6.0, 93.5
7.0, 90.7
8.0, 87.8
9.0, 85.0
10.0, 82.2
11.0, 79.4
12.0, 76.6
13.0, 73.8
14.0, 71.1
15.0, 68.4
16.0, 65.8
17.0, 63.2
18.0, 60.8
19.0, 58.4
20.0, 56.0
22.0, 51.7
24.0, 47.7
26.0, 43.9
28.0, 40.5
30.0, 37.2

$FLSZ 30.0
// Depth(cm), Relative Dose
0.0, 33.1
0.2, 54.9
0.5, 69.6
1.0, 84.1
1.5, 92.5
2.0, 97.4
2.5, 99.8
3.0, 100.0
4.0, 99.0
5.0, 96.8
6.0, 94.2
7.0, 91.5
8.0, 88.7
9.0, 86.0
10.0, 83.2
11.0, 80.5
12.0, 77.8
13.0, 75.1
14.0, 72.4
15.0, 69.8
16.0, 67.2
17.0, 64.7
18.0, 62.3
19.0, 59.9
20.0, 57.6
22.0, 53.4
24.0, 49.4
26.0, 45.6
28.0, 42.2
30.0, 39.0

$FLSZ 40.0
// Depth(cm), Relative Dose
0.0, 32.1
0.2, 54.3
0.5, 69.0
1.0, 83.7
1.5, 92.2
2.0, 97.3
2.5, 99.7
3.0, 100.0
4.0, 99.2
5.0, 97.2
6.0, 94.7
7.0, 92.1
8.0, 89.4
9.0, 86.7
10.0, 84.0
11.0, 81.4
12.0, 78.8
13.0, 76.1
14.0, 73.5
15.0, 70.9
16.0, 68.4
17.0, 65.9
18.0, 63.5
19.0, 61.2
20.0, 58.9
22.0, 54.7
24.0, 50.8
26.0, 47.1
28.0, 43.6
30.0, 40.4 