$NUMS 030
$STOM 10.00
$MLCM 00
$SSO 100.0
$FSS 1.0
$DINA wfnf
$RDNG WFNF
$VERS 001
$MODL TrueBeam
$ENER 6
$DATE 2025-03-31T00:00:00
$TYPE PHOTON
$CIAO Wedge Field to Normal Field Ratio for TrueBeam 6MV

$WDGD 15
$FLSZ 10.0
// Depth(cm), WF/NF Ratio
0.0, 0.905
0.5, 0.893
1.0, 0.882
1.5, 0.872
2.0, 0.863
3.0, 0.850
4.0, 0.841
5.0, 0.835
6.0, 0.831
7.0, 0.828
8.0, 0.825
9.0, 0.823
10.0, 0.822
12.0, 0.819
14.0, 0.817
16.0, 0.815
18.0, 0.813
20.0, 0.811
22.0, 0.810
24.0, 0.809
26.0, 0.808
28.0, 0.807
30.0, 0.807

$WDGD 30
$FLSZ 10.0
// Depth(cm), WF/NF Ratio
0.0, 0.820
0.5, 0.801
1.0, 0.785
1.5, 0.771
2.0, 0.760
3.0, 0.742
4.0, 0.730
5.0, 0.721
6.0, 0.715
7.0, 0.710
8.0, 0.707
9.0, 0.705
10.0, 0.703
12.0, 0.699
14.0, 0.697
16.0, 0.695
18.0, 0.693
20.0, 0.692
22.0, 0.690
24.0, 0.688
26.0, 0.687
28.0, 0.686
30.0, 0.685

$WDGD 45
$FLSZ 10.0
// Depth(cm), WF/NF Ratio
0.0, 0.730
0.5, 0.705
1.0, 0.682
1.5, 0.661
2.0, 0.646
3.0, 0.625
4.0, 0.611
5.0, 0.602
6.0, 0.597
7.0, 0.594
8.0, 0.593
9.0, 0.591
10.0, 0.591
12.0, 0.588
14.0, 0.585
16.0, 0.583
18.0, 0.581
20.0, 0.580
22.0, 0.578
24.0, 0.577
26.0, 0.576
28.0, 0.575
30.0, 0.574 