$NUMS 031
$STOM 10.00
$MLCM 00
$SSO 100.0
$FSS 1.0
$DINA wfnf
$RDNG WFNF
$VERS 001
$MODL TrueBeam
$ENER 10
$DATE 2025-03-31T00:00:00
$TYPE PHOTON
$CIAO Wedge Field to Normal Field Ratio for TrueBeam 10MV

$FLSZ 10.0
$WDGD 15
// Depth(cm), WF/NF Ratio
0.0, 0.918
0.5, 0.912
1.0, 0.906
1.5, 0.900
2.0, 0.894
2.5, 0.889
3.0, 0.883
4.0, 0.872
5.0, 0.861
6.0, 0.851
7.0, 0.846
8.0, 0.842
9.0, 0.839
10.0, 0.837
11.0, 0.836
12.0, 0.835
13.0, 0.836
14.0, 0.837
15.0, 0.839
16.0, 0.842
17.0, 0.844
18.0, 0.847
19.0, 0.851
20.0, 0.855
22.0, 0.863
24.0, 0.872
26.0, 0.881
28.0, 0.891
30.0, 0.901

$FLSZ 10.0
$WDGD 30
// Depth(cm), WF/NF Ratio
0.0, 0.832
0.5, 0.826
1.0, 0.819
1.5, 0.810
2.0, 0.801
2.5, 0.793
3.0, 0.784
4.0, 0.768
5.0, 0.753
6.0, 0.742
7.0, 0.735
8.0, 0.730
9.0, 0.728
10.0, 0.728
11.0, 0.729
12.0, 0.731
13.0, 0.735
14.0, 0.739
15.0, 0.744
16.0, 0.749
17.0, 0.755
18.0, 0.762
19.0, 0.769
20.0, 0.776
22.0, 0.793
24.0, 0.811
26.0, 0.829
28.0, 0.847
30.0, 0.867

$FLSZ 10.0
$WDGD 45
// Depth(cm), WF/NF Ratio
0.0, 0.741
0.5, 0.731
1.0, 0.720
1.5, 0.708
2.0, 0.696
2.5, 0.684
3.0, 0.673
4.0, 0.653
5.0, 0.636
6.0, 0.625
7.0, 0.619
8.0, 0.617
9.0, 0.618
10.0, 0.620
11.0, 0.625
12.0, 0.631
13.0, 0.638
14.0, 0.646
15.0, 0.655
16.0, 0.664
17.0, 0.674
18.0, 0.685
19.0, 0.696
20.0, 0.708
22.0, 0.734
24.0, 0.761
26.0, 0.788
28.0, 0.816
30.0, 0.846 