$NUMS 040
$STOM 10.00
$MLCM 00
$SSO 100.0
$FSS 1.0
$DINA pdd
$RDNG PDD
$VERS 001
$MODL TrueBeam
$ENER 6
$DATE 2025-03-31T00:00:00
$TYPE PHOTON
$FLSZ 4.0
$CIAO Percentage Depth Dose
// Depth, Relative Dose
0.0, 42.6
0.5, 82.7
1.0, 96.6
1.5, 100.0
2.0, 98.8
3.0, 96.3
4.0, 91.9
5.0, 87.2
6.0, 82.8
7.0, 78.5
8.0, 74.4
10.0, 67.0
12.0, 60.1
15.0, 51.7
20.0, 40.4
25.0, 31.7
30.0, 24.8

$FLSZ 6.0
// Depth, Relative Dose
0.0, 44.3
0.5, 83.5
1.0, 97.2
1.5, 100.0
2.0, 98.6
3.0, 96.0
4.0, 91.6
5.0, 86.9
6.0, 82.4
7.0, 78.2
8.0, 74.1
10.0, 66.7
12.0, 59.8
15.0, 51.4
20.0, 40.2
25.0, 31.4
30.0, 24.6

$FLSZ 8.0
// Depth, Relative Dose
0.0, 46.8
0.5, 84.5
1.0, 97.8
1.5, 100.0
2.0, 98.5
3.0, 95.8
4.0, 91.3
5.0, 86.6
6.0, 82.2
7.0, 77.9
8.0, 73.9
10.0, 66.4
12.0, 59.6
15.0, 51.2
20.0, 40.0
25.0, 31.3
30.0, 24.4

$FLSZ 10.0
// Depth, Relative Dose
0.0, 49.0
0.5, 85.5
1.0, 98.3
1.5, 100.0
2.0, 98.3
3.0, 95.5
4.0, 91.1
5.0, 86.3
6.0, 81.9
7.0, 77.7
8.0, 73.6
10.0, 66.2
12.0, 59.3
15.0, 51.0
20.0, 39.7
25.0, 31.1
30.0, 24.3

$FLSZ 20.0
// Depth, Relative Dose
0.0, 55.7
0.5, 88.0
1.0, 99.6
1.5, 100.0
2.0, 97.8
3.0, 94.8
4.0, 90.4
5.0, 85.7
6.0, 81.4
7.0, 77.1
8.0, 73.2
10.0, 65.7
12.0, 58.9
15.0, 50.6
20.0, 39.4
25.0, 30.8
30.0, 24.0

$FLSZ 30.0
// Depth, Relative Dose
0.0, 59.3
0.5, 89.4
1.0, 100.0
1.5, 99.8
2.0, 97.5
3.0, 94.4
4.0, 90.0
5.0, 85.3
6.0, 81.0
7.0, 76.8
8.0, 72.9
10.0, 65.4
12.0, 58.6
15.0, 50.3
20.0, 39.2
25.0, 30.6
30.0, 23.9

$FLSZ 40.0
// Depth, Relative Dose
0.0, 62.0
0.5, 90.5
1.0, 100.0
1.5, 99.5
2.0, 97.2
3.0, 94.1
4.0, 89.7
5.0, 85.0
6.0, 80.7
7.0, 76.5
8.0, 72.6
10.0, 65.1
12.0, 58.4
15.0, 50.1
20.0, 39.0
25.0, 30.4
30.0, 23.7 