$NUMS 030
$STOM 10.00
$MLCM 00
$SSO 80.0
$FSS 1.0
$DINA ssd80
$RDNG SSD80
$VERS 001
$MODL TrueBeam
$ENER 6
$DATE 2025-03-31T00:00:00
$TYPE PHOTON
$CIAO Percentage Depth Dose at SSD=80cm

$FLSZ 4.0
// Depth(cm), Relative Dose
0.0, 96.1
0.2, 97.0
0.5, 98.5
1.0, 99.8
1.5, 100.0
2.0, 99.7
2.5, 99.1
3.0, 98.3
4.0, 96.5
5.0, 94.7
6.0, 92.8
7.0, 90.7
8.0, 88.6
9.0, 86.5
10.0, 84.3
11.0, 82.1
12.0, 79.9
13.0, 77.6
14.0, 75.4
15.0, 73.2
16.0, 71.0
17.0, 68.8
18.0, 66.6
19.0, 64.5
20.0, 62.3
22.0, 58.1
24.0, 54.1
26.0, 50.3
28.0, 46.7
30.0, 43.4

$FLSZ 6.0
// Depth(cm), Relative Dose
0.0, 95.3
0.2, 96.5
0.5, 98.1
1.0, 99.7
1.5, 100.0
2.0, 99.9
2.5, 99.3
3.0, 98.5
4.0, 96.8
5.0, 95.0
6.0, 93.1
7.0, 91.1
8.0, 89.1
9.0, 87.0
10.0, 84.9
11.0, 82.8
12.0, 80.6
13.0, 78.4
14.0, 76.2
15.0, 74.0
16.0, 71.9
17.0, 69.7
18.0, 67.6
19.0, 65.4
20.0, 63.3
22.0, 59.2
24.0, 55.2
26.0, 51.4
28.0, 47.8
30.0, 44.4

$FLSZ 8.0
// Depth(cm), Relative Dose
0.0, 94.7
0.2, 95.9
0.5, 97.8
1.0, 99.5
1.5, 100.0
2.0, 99.9
2.5, 99.4
3.0, 98.7
4.0, 97.1
5.0, 95.3
6.0, 93.5
7.0, 91.6
8.0, 89.6
9.0, 87.6
10.0, 85.5
11.0, 83.4
12.0, 81.3
13.0, 79.2
14.0, 77.0
15.0, 74.9
16.0, 72.7
17.0, 70.6
18.0, 68.5
19.0, 66.4
20.0, 64.2
22.0, 60.1
24.0, 56.2
26.0, 52.4
28.0, 48.8
30.0, 45.4

$FLSZ 10.0
// Depth(cm), Relative Dose
0.0, 94.1
0.2, 95.4
0.5, 97.4
1.0, 99.3
1.5, 100.0
2.0, 100.0
2.5, 99.6
3.0, 98.9
4.0, 97.3
5.0, 95.6
6.0, 93.8
7.0, 92.0
8.0, 90.1
9.0, 88.1
10.0, 86.1
11.0, 84.0
12.0, 81.9
13.0, 79.8
14.0, 77.7
15.0, 75.6
16.0, 73.5
17.0, 71.4
18.0, 69.3
19.0, 67.2
20.0, 65.1
22.0, 61.0
24.0, 57.1
26.0, 53.4
28.0, 49.7
30.0, 46.3

$FLSZ 20.0
// Depth(cm), Relative Dose
0.0, 93.3
0.2, 94.6
0.5, 96.8
1.0, 98.9
1.5, 99.8
2.0, 100.0
2.5, 99.7
3.0, 99.2
4.0, 97.9
5.0, 96.4
6.0, 94.8
7.0, 93.1
8.0, 91.4
9.0, 89.5
10.0, 87.6
11.0, 85.7
12.0, 83.7
13.0, 81.7
14.0, 79.7
15.0, 77.6
16.0, 75.6
17.0, 73.6
18.0, 71.5
19.0, 69.6
20.0, 67.5
22.0, 63.6
24.0, 59.7
26.0, 56.0
28.0, 52.3
30.0, 48.9

$FLSZ 30.0
// Depth(cm), Relative Dose
0.0, 92.8
0.2, 94.1
0.5, 96.4
1.0, 98.6
1.5, 99.7
2.0, 100.0
2.5, 99.9
3.0, 99.4
4.0, 98.3
5.0, 96.9
6.0, 95.4
7.0, 93.8
8.0, 92.2
9.0, 90.4
10.0, 88.6
11.0, 86.7
12.0, 84.9
13.0, 82.9
14.0, 81.0
15.0, 79.0
16.0, 77.0
17.0, 75.0
18.0, 73.0
19.0, 71.1
20.0, 69.1
22.0, 65.2
24.0, 61.4
26.0, 57.7
28.0, 54.0
30.0, 50.6

$FLSZ 40.0
// Depth(cm), Relative Dose
0.0, 92.3
0.2, 93.7
0.5, 96.0
1.0, 98.3
1.5, 99.5
2.0, 100.0
2.5, 99.9
3.0, 99.6
4.0, 98.6
5.0, 97.3
6.0, 95.9
7.0, 94.4
8.0, 92.8
9.0, 91.1
10.0, 89.4
11.0, 87.6
12.0, 85.8
13.0, 83.9
14.0, 82.0
15.0, 80.1
16.0, 78.1
17.0, 76.2
18.0, 74.2
19.0, 72.3
20.0, 70.3
22.0, 66.5
24.0, 62.8
26.0, 59.1
28.0, 55.4
30.0, 52.0 